1704
660
1708
674
1714
670
1702
1386
1704
511
1707
376
1705
517
1716
858
1709
450
1496
39
332
34
1440
19
939
523
1712
572
1706
517
1711
665
1710
541
1711
560
1713
420
934
18
1438
35
324
33
1498
742
1718
279
1703
794
1711
662
1704
600
1708
592
1714
390
1714
606
1702
840
943
22
1437
34
324
31
1501
616
1702
365
1705
393
1703
396
1702
663
1709
647
1704
834
1702
652
714
26
323
26
1500
37
881
21
700
310
1712
892
1712
368
1721
391
1708
605
1702
455
1712
475
1702
515
1706
389
1706
445
1706
773
1717
754
1705
646
1711
483
1702
434
1712
693
1703
894
1702
386
1692
382
1703
365
700
18
1376
21
708
496
1705
518
1702
397
514
18
1454
33
969
795
1705
577
1702
540
1704
712
1707
614
1702
656
1708
529
1708
506
1717
564
1714
620
1050
20
319
18
1437
36
936
21
473
660
1707
698
1716
