0		0	0				
7	1	57.18	6.00	57.77	10.66	57.77	10.66
0	1	0	0	0	0	0	0
7	1	38.83	19.71	43.38	16.38	43.38	16.38
0	1	0	0	0	0	0	0
7	0	47.78	27.26	43.04	28.76	43.04	28.76
0	1	0	0	0	0	0	0
7	0	34.53	41.20	34.23	36.91	34.23	36.91
0	1	0	0	0	0	0	0
7	1	24.37	28.16	21.76	31.18	21.76	31.18
0	1	0	0	0	0	0	0
7	0	19.50	49.80	17.10	47.01	17.10	47.01
0	1	0	0	0	0	0	0
7	1	4.65	41.49	6.46	45.03	6.46	45.03
0	1	0	0	0	0	0	0
7	0	-1.74	56.96	-2.16	53.21	-2.16	53.21
0	1	0	0	0	0	0	0
7	1	-10.07	49.70	-7.90	46.08	-7.90	46.08	
0	1	0	0	0	0	0	0
7	1	-20.77	53.77	-17.37	52.20	-17.37	52.20
0	1	0	0	0	0	0	0
7	1	-24.94	40.91	-24.17	45.47	-24.17	45.47	
0	1	0	0	0	0	0	0
7	0	-35.53	27.37	-39.31	28.05	-39.31	28.05	
0	1	0	0	0	0	0	0
7	0	-58.38	10.91	-56.58	14.83	-56.58	14.83
0	1	0	0	0	0	0	0
7	0	-47.87	7.59	-47.81	11.28	-47.81	11.28
0	1	0	0	0	0	0	0
7	0	-31.41	5.50	-34.25	8.27	-34.25	8.27
0	1	0	0	0	0	0	0
7	0	-20.13	18.70	-21.82	22.85	-21.82	22.85
0	1	0	0	0	0	0	0
7	1	-6.01	27.32	-5.37	23.64	-5.37	23.64
0	1	0	0	0	0	0	0
7	1	9.41	19.17	7.56	15.22	7.56	15.22
0	1	0	0	0	0	0	0
7	0	-0.93	5.22	2.73	8.61	2.73	8.61	
0	1	0	0	0	0	0	0
7	0	13.80	-3.03	12.98	1.79	12.98	1.79	
0	1	0	0	0	0	0	0
7	1	29.21	6.13	31.43	2.92	31.43	2.92
0	1	0	0	0	0	0	0
7	0	43.60	-2.55	46.14	1.70	46.14	1.70	
0	1	0	0	0	0	0	0
7	1	52.21	-11.73	48.68	-10.84	48.68	-10.84	
0	1	0	0	0	0	0	0
7	1	48.44	-24.84	45.03	-22.47	45.03	-22.47
0	1	0	0	0	0	0	0
7	0	33.51	-15.78	30.47	-18.70	30.47	-18.70
0	1	0	0	0	0	0	0
7	1	18.68	-24.78	17.12	-21.08	17.12	-21.08
0	1	0	0	0	0	0	0
7	1	3.92	-16.66	2.91	-12.26	2.91	-12.26
0	1	0	0	0	0	0	0
7	0	-15.82	-3.64	-16.09	-9.06	-16.09	-9.06	
0	1	0	0	0	0	0	0
7	1	-26.23	-17.00	-27.95	-13.04	-27.95	-13.04
0	1	0	0	0	0	0	0
7	0	-58.03	-5.77	-54.33	-5.11	-54.33	-5.11
0	1	0	0	0	0	0	0
7	1	-43.52	-14.56	-44.55	-18.46	-44.55	-18.46
0	1	0	0	0	0	0	0
7	1	-38.96	-36.70	-43.25	-37.00	-43.25	-37.00
0	1	0	0	0	0	0	0
7	0	-36.09	-47.45	-33.67	-44.91	-33.67	-44.91	
0	1	0	0	0	0	0	0
7	0	-22.06	-38.39	-24.07	-34.82	-24.07	-34.82	
0	1	0	0	0	0	0	0
7	0	-11.04	-25.11	-10.36	-29.56	-10.36	-29.56	
0	1	0	0	0	0	0	0
7	0	-6.66	-47.40	-7.83	-43.18	-7.83	-43.18	
0	1	0	0	0	0	0	0
7	0	7.78	-38.25	8.40	-34.29	8.40	-34.29
0	1	0	0	0	0	0	0
7	0	38.01	-37.87	37.78	-32.94	37.78	-32.94
0	1	0	0	0	0	0	0