925
270
922
618
923
268
927
238
1823
696
1816
333
1821
427
1817
425
1813
421
1813
1093
931
267
931
345
1817
637
1813
668
929
284
1075
321
1816
819
1813
696
1819
764
1817
665
1817
475
1818
1333
926
272
926
624
1817
762
1818
704
925
268
922
489
1816
709
1820
760
1821
423
691
421
925
211
928
418
782
181
625
238
1816
240
927
209
925
240
1822
241
781
285
929
348
927
209
771
138
925
248
426
191
782
420
931
198
922
422
775
193
636
196
929
453
1820
239
933
199
616
198
781
198
930
453
1821
308
1218
458
27238
