28
935
470
931
1177
922
468
941
416
1818
1341
1818
578
1813
787
1821
786
1823
769
1813
2040
927
477
930
637
1821
1195
1812
1268
927
512
1078
579
1816
1559
1818
1340
1812
1449
1813
1250
1812
877
1817
2485
922
466
926
1177
1815
1454
1820
1333
924
467
926
925
1817
1342
1816
1454
1823
779
690
773
927
345
931
768
782
295
630
418
1817
418
928
344
933
409
1813
409
772
505
925
635
922
331
777
217
924
424
432
303
778
766
926
344
931
770
782
294
630
344
932
837
1817
418
922
336
613
311
778
331
927
849
1821
557
1231
797
27213
