929
268
928
611
926
266
924
240
1813
678
1816
316
1820
416
1821
415
1820
408
1821
1043
925
266
927
351
1823
613
1821
646
922
274
1071
313
1817
796
1816
691
1820
738
1821
641
1812
456
1817
1307
922
266
922
601
1815
740
1821
677
930
265
923
483
1817
690
1820
739
1821
408
688
414
923
193
928
411
779
189
634
237
1821
235
931
192
927
240
1814
239
777
275
924
340
926
206
777
136
921
244
427
175
778
403
926
205
931
403
783
175
630
205
921
441
1820
235
931
192
618
189
773
197
931
439
1820
305
1222
451
27215
