0		0	0				
7	1	-42.204	73.195	-44.802	74.695	-44.802	74.695
0	1	0	0	0	0	0	0
7	1	-48.246	55.757	-50.844	57.257	-50.844	57.257
0	1	0	0	0	0	0	0
7	0	-60.33	41.803	-57.732	40.303	-57.732	40.303
0	1	0	0	0	0	0	0
7	1	-66.372	24.362	-68.97	25.862	-68.97	25.862
0	1	0	0	0	0	0	0
7	0	-78.456	10.408	-75.858	8.908	-75.858	8.908
0	1	0	0	0	0	0	0
7	0	-84.501	-7.032	-81.903	-8.532	-81.903	-8.532
0	1	0	0	0	0	0	0
7	0	-72.414	-27.964	-75.012	-26.464	-75.012	-26.464
0	1	0	0	0	0	0	0
7	1	-66.372	-10.522	-63.774	-12.022	-63.774	-12.022
0	1	0	0	0	0	0	0
7	0	-54.288	-10.522	-56.886	-9.022	-56.886	-9.022
0	1	0	0	0	0	0	0
7	0	-48.246	-0.057	-50.844	1.443	-50.844	1.443	
0	1	0	0	0	0	0	0
7	1	-54.288	10.408	-51.313	10.02	-51.313	10.02
0	1	0	0	0	0	0	0
7	0	-42.454	16.952	-45.052	18.452	-45.052	18.452
0	1	0	0	0	0	0	0
7	0	-42.204	24.362	-44.802	25.862	-44.802	25.862	
0	1	0	0	0	0	0	0
7	0	-36.162	41.803	-38.76	43.303	-38.76	43.303
0	1	0	0	0	0	0	0
7	1	-36.162	55.757	-33.564	54.257	-33.564	54.257
0	1	0	0	0	0	0	0
7	0	-24.078	55.757	-26.676	57.257	-26.676	57.257
0	1	0	0	0	0	0	0
7	1	-24.078	76.687	-22.133	74.403	-22.133	74.403
0	1	0	0	0	0	0	0
7	1	-5.952	73.199	-7.452	70.6	-7.452	70.6
0	1	0	0	0	0	0	0
7	1	0.384	70.104	-1.956	68.227	-1.956	68.227
0	1	0	0	0	0	0	0
7	1	0.09	62.733	-2.861	63.272	-2.861	63.272
0	1	0	0	0	0	0	0
7	1	-5.952	52.268	-8.903	52.806	-8.903	52.806
0	1	0	0	0	0	0	0
7	1	-5.952	31.338	-8.952	31.345	-8.952	31.345
0	1	0	0	0	0	0	0
7	0	-18.036	31.338	-18.298	28.35	-18.298	28.35
0	1	0	0	0	0	0	0
7	1	-18.036	10.408	-20.634	11.908	-20.634	11.908
0	1	0	0	0	0	0	0
7	0	-36.162	13.897	-34.592	11.307	-34.592	11.307
0	1	0	0	0	0	0	0
7	1	-30.12	-10.522	-33.077	-11.024	-33.077	-11.024
0	1	0	0	0	0	0	0
7	1	-42.204	-31.452	-44.802	-29.952	-44.802	-29.952
0	1	0	0	0	0	0	0
7	0	-54.288	-31.452	-52.924	-34.114	-52.924	-34.114
0	1	0	0	0	0	0	0
7	0	-60.063	-34.517	-58.139	-36.786	-58.139	-36.786
0	1	0	0	0	0	0	0
7	0	-60.33	-41.917	-57.7	-43.256	-57.7	-43.256
0	1	0	0	0	0	0	0
7	0	-54.288	-59.359	-52.788	-56.761	-52.788	-56.761
0	1	0	0	0	0	0	0
7	0	-42.201	-73.31	-40.701	-70.712	-40.701	-70.712
0	1	0	0	0	0	0	0
7	1	-30.011	-52.487	-32.61	-50.987	-32.61	-50.987
0	1	0	0	0	0	0	0
7	1	-36.162	-48.894	-34.195	-46.628	-34.195	-46.628
0	1	0	0	0	0	0	0
7	0	-18.036	-31.452	-20.367	-29.563	-20.367	-29.563
0	1	0	0	0	0	0	0
7	1	-24.078	-20.987	-21.48	-22.487	-21.48	-22.487
0	1	0	0	0	0	0	0
7	0	-11.994	-7.034	-14.592	-5.534	-14.592	-5.534
0	1	0	0	0	0	0	0
7	0	0.09	13.897	-2.508	15.397	-2.508	15.397
0	1	0	0	0	0	0	0
7	0	6.132	31.338	3.295	32.312	3.295	32.312
0	1	0	0	0	0	0	0
7	0	18.216	52.268	15.618	53.768	15.618	53.768
0	1	0	0	0	0	0	0
7	0	24.258	62.733	21.66	64.233	21.66	64.233
0	1	0	0	0	0	0	0
7	1	12.174	76.687	15.171	76.557	15.171	76.557	
0	1	0	0	0	0	0	0
7	1	36.339	76.685	34.839	74.087	34.839	74.087
0	1	0	0	0	0	0	0
7	1	48.426	62.733	45.641	61.619	45.641	61.619
0	1	0	0	0	0	0	0
7	1	36.342	41.803	33.744	43.303	33.744	43.303
0	1	0	0	0	0	0	0
7	0	24.258	41.803	25.411	39.034	25.411	39.034
0	1	0	0	0	0	0	0
7	1	36.591	28.284	33.993	29.784	33.993	29.784
0	1	0	0	0	0	0	0
7	1	30.3	24.362	27.702	25.862	27.702	25.862
0	1	0	0	0	0	0	0
7	1	18.216	10.408	15.618	11.908	15.618	11.908
0	1	0	0	0	0	0	0
7	1	12.174	-7.034	9.576	-5.534	9.576	-5.534
0	1	0	0	0	0	0	0
7	1	0.09	-20.987	-2.508	-19.487	-2.508	-19.487
0	1	0	0	0	0	0	0
7	1	6.132	-38.429	3.534	-36.929	3.534	-36.929	
0	1	0	0	0	0	0	0
7	1	6.389	-44.961	3.572	-43.928	3.572	-43.928
0	1	0	0	0	0	0	0
7	1	-5.902	-52.442	-8.5	-50.942	-8.5	-50.942	
0	1	0	0	0	0	0	0
7	0	-18.036	-52.382	-16.662	-55.049	-16.662	-55.049
0	1	0	0	0	0	0	0
7	0	-24.078	-69.824	-21.455	-68.367	-21.455	-68.367
0	1	0	0	0	0	0	0
7	0	-5.952	-73.312	-6.712	-70.407	-6.712	-70.407
0	1	0	0	0	0	0	0
7	0	12.174	-69.824	9.722	-68.091	9.722	-68.091
0	1	0	0	0	0	0	0
7	0	18.216	-52.382	15.618	-50.882	15.618	-50.882
0	1	0	0	0	0	0	0
7	0	24.258	-41.917	21.66	-40.417	21.66	-40.417	
0	1	0	0	0	0	0	0
7	0	24.347	-21	21.844	-19.555	21.844	-19.555
0	1	0	0	0	0	0	0
7	0	30.3	-10.522	27.826	-9.093	27.826	-9.093
0	1	0	0	0	0	0	0
7	0	36.342	-0.057	33.672	1.485	33.672	1.485
0	1	0	0	0	0	0	0
7	1	42.384	24.362	44.982	22.862	44.982	22.862
0	1	0	0	0	0	0	0
7	1	54.468	45.292	56.457	43.046	56.457	43.046
0	1	0	0	0	0	0	0
7	1	66.552	31.338	63.738	30.298	63.738	30.298
0	1	0	0	0	0	0	0
7	0	54.468	10.408	55.968	13.006	55.968	13.006	
0	1	0	0	0	0	0	0
7	0	66.552	3.432	65.16	6.089	65.16	6.089	
0	1	0	0	0	0	0	0
7	1	72.594	13.897	74.105	11.307	74.105	11.307
0	1	0	0	0	0	0	0
7	1	84.675	-0.055	81.747	-0.708	81.747	-0.708
0	1	0	0	0	0	0	0
7	1	78.636	-17.499	79.183	-14.549	79.183	-14.549	
0	1	0	0	0	0	0	0
7	0	60.386	-6.946	60.811	-9.916	60.811	-9.916	
0	1	0	0	0	0	0	0
7	1	66.552	-31.452	64.989	-28.892	64.989	-28.892
0	1	0	0	0	0	0	0
7	1	60.26	-35.373	60.767	-32.416	60.767	-32.416	
0	1	0	0	0	0	0	0
7	1	54.468	-31.452	55.968	-28.854	55.968	-28.854	
0	1	0	0	0	0	0	0
7	0	48.426	-20.987	46.916	-23.579	46.916	-23.579
0	1	0	0	0	0	0	0
7	0	36.342	-41.917	39.15	-40.861	39.15	-40.861
0	1	0	0	0	0	0	0
7	1	60.51	-48.894	57.937	-50.437	57.937	-50.437
0	1	0	0	0	0	0	0
7	0	42.384	-52.382	43.794	-55.03	43.794	-55.03	
0	1	0	0	0	0	0	0
7	1	48.426	-69.82	45.462	-69.358	45.462	-69.358	
0	1	0	0	0	0	0	0
7	1	30.3	-73.312	30.954	-70.384	30.954	-70.384













