1303
661
1292
652
1286
661
1289
664
1292
658
1286
681
1289
660
1294
293
1284
448
1285
340
1291
392
1287
302
1286
663
1292
450
1289
294
1289
645
1289
550
1289
254
1293
223
1284
446
1285
770
1284
377
1291
599
1297
513
1300
798
1284
796
1289
364
1287
243
1282
264
1274
521
1284
666
1288
757
1293
207
1284
776
1286
280
1287
663
1289
860
1291
638
1285
876
1295
445
1291
507
1286
715
1291
596
1292
776
1293
355
1288
475
1288
297
1292
657
1286
666
1288
666
1292
662
1284
278
1284
509
1287
363
1293
513
1289
549
1285
599
1288
651
1288
456
1289
745
1238
448
1225
453
1327
848
1288
831
1293
532
1290
689
1292
431
1292
395
1291
516
1289
529
1294
673
1291
707
1292
230
1292
245
1293
392
1289
683
1290
748
1293
538
1289
531
1285
526
1285
2605
0
19
0
18
0
20
0
29
0
37
0
23
