1708
482
1507
490
1706
526
1393
458
1713
755
1706
491
1503
710
1505
500
1709
697
1707
696
1706
696
1706
700
1712
1295
1707
698
1708
696
1707
695
1712
697
1714
703
1712
439
1499
817
1719
454
1393
694
1498
979
1720
548
1721
708
1721
606
1707
695
1708
624
1719
709
1721
671
1716
700
1715
617
1711
576
1392
471
1710
713
1502
493
1507
418
1722
1057
1508
811
1706
696
1707
698
1711
702
1712
702
1712
709
1712
710
1716
710
1716
710
1712
709
1713
649
1507
421
1720
710
1720
329
1408
625
1706
480
1504
439
1706
