1793
451
1794
741
1791
184
1792
582
1795
498
1786
439
1786
572
1099
18
1466
36
398
509
1791
770
1790
632
1788
747
1788
755
1784
796
600
37
1467
20
902
807
1794
743
1791
503
1794
339
1791
808
1790
753
1793
755
1785
748
1794
745
1794
740
1792
623
1794
519
1790
755
1792
745
1800
759
1794
740
1791
749
1792
754
1786
747
1796
510
1038
18
1458
19
455
525
1794
623
1790
580
1795
686
1791
585
1787
688
1791
578
1792
755
1787
759
1791
744
1196
37
1467
20
311
618
1785
658
1792
630
1790
747
1791
753
1784
722
1795
661
595
29
1465
21
888
896
1794
622
1796
661
1789
631
1791
674
1794
453
1793
263
1795
684
1791
586
1789
754
1787
795
1787
632
1790
389
1786
748
1795
631
1458
18
1462
320
1580
459
1795
449
1792
